100 20 5 40 2000 0.000159422 2.21094 6.20557 274 257 257 
100 20 5 40 2000 4.5472e-05 2.35835 6.56506 300 274 270 
100 20 5 40 2000 5.2921e-05 2.19148 7.14467 312 274 268 
100 20 5 40 2000 5.1469e-05 2.08249 6.51716 296 308 266 
100 20 5 40 2000 5.2622e-05 2.23723 6.77954 278 305 275 
100 20 5 40 2000 5.0107e-05 2.04228 6.97014 282 294 249 
100 20 5 40 2000 4.9732e-05 2.26322 6.78499 309 258 255 
100 20 5 40 2000 7.3771e-05 2.13575 6.37505 270 247 239 
100 20 5 40 2000 5.3541e-05 2.26195 7.05006 282 263 266 
100 20 5 40 2000 5.401e-05 2.17961 6.95234 311 280 290 
0 0 0 0 0 0 0 0 0 0 0 
0 0 0 0 0 0 0 0 0 0 0 
0 0 0 0 0 0 0 0 0 0 0 
0 0 0 0 0 0 0 0 0 0 0 
0 0 0 0 0 0 0 0 0 0 0 
0 0 0 0 0 0 0 0 0 0 0 
0 0 0 0 0 0 0 0 0 0 0 
0 0 0 0 0 0 0 0 0 0 0 
0 0 0 0 0 0 0 0 0 0 0 
0 0 0 0 0 0 0 0 0 0 0 
0 0 0 0 0 0 0 0 0 0 0 
0 0 0 0 0 0 0 0 0 0 0 
0 0 0 0 0 0 0 0 0 0 0 
0 0 0 0 0 0 0 0 0 0 0 
0 0 0 0 0 0 0 0 0 0 0 
0 0 0 0 0 0 0 0 0 0 0 
0 0 0 0 0 0 0 0 0 0 0 
0 0 0 0 0 0 0 0 0 0 0 
0 0 0 0 0 0 0 0 0 0 0 
0 0 0 0 0 0 0 0 0 0 0 
0 0 0 0 0 0 0 0 0 0 0 
0 0 0 0 0 0 0 0 0 0 0 
0 0 0 0 0 0 0 0 0 0 0 
0 0 0 0 0 0 0 0 0 0 0 
0 0 0 0 0 0 0 0 0 0 0 
0 0 0 0 0 0 0 0 0 0 0 
0 0 0 0 0 0 0 0 0 0 0 
6.94133e-310 0 8.09477e-319 8.09319e-319 8.09319e-319 2.02369e-320 0 4.94066e-324 8.09477e-319 9.00543e-318 8.98931e-318 
8.98931e-318 2.02369e-320 8.09477e-319 2.47033e-323 9.00543e-318 1.07863e-317 1.07776e-317 1.07776e-317 2.02369e-320 9.00543e-318 4.94066e-324 
1.08065e-317 1.09279e-317 1.09185e-317 1.11889e-317 2.02369e-320 1.07863e-317 1.4822e-323 0 0 0 0 
0 0 0 0 0 0 0 0 0 0 0 
0 0 0 0 0 0 0 0 0 0 0 
0 0 0 0 0 0 0 0 0 0 0 
0 0 0 0 0 0 0 0 0 0 0 
0 0 0 0 0 0 0 0 0 0 0 
0 0 0 0 0 0 6.94133e-310 6.94133e-310 6.95298e-310 6.94133e-310 6.94133e-310 
8.48798e-314 3.16202e-322 3.16202e-322 3.16202e-322 3.87347e-321 3.87347e-321 3.95253e-323 8.48798e-314 9.79238e-318 9.79238e-318 9.79238e-318 
1.38338e-322 1.38338e-322 7.90505e-323 8.48798e-314 0 0 6.94133e-310 0 2.83317e-319 2.66716e-319 2.66716e-319 
2.02369e-320 0 4.94066e-324 2.83317e-319 2.7927e-318 2.78363e-318 2.78363e-318 2.02369e-320 2.83317e-319 2.47033e-323 2.7927e-318 
4.63426e-318 4.624e-318 4.624e-318 2.02369e-320 2.7927e-318 4.94066e-324 4.63426e-318 4.67473e-318 4.65574e-318 4.6558e-318 2.02369e-320 
4.61402e-318 1.4822e-323 2.29246e-321 2.29246e-321 3.95253e-323 8.48798e-314 4.18968e-321 4.18968e-321 4.18968e-321 2.37152e-322 2.37152e-322 
3.95253e-323 8.48798e-314 4.42683e-321 4.42683e-321 4.42683e-321 3.35965e-322 3.35965e-322 1.97626e-323 8.48798e-314 1.07976e-317 1.08178e-317 
1.08178e-317 7.90505e-323 7.11455e-322 3.95253e-323 9.32067e-314 4.18968e-321 4.18968e-321 4.18968e-321 2.37152e-322 2.37152e-322 3.95253e-323 
9.32067e-314 9.79252e-318 0 6.94133e-310 6.94133e-310 1.42706e-319 1.5316e-322 1.58101e-322 6.94133e-310 6.94133e-310 6.94133e-310 
1.10859e-314 6.94133e-310 6.94133e-310 6.94133e-310 1.4822e-322 6.94133e-310 6.94133e-310 6.95298e-310 6.95298e-310 6.95298e-310 6.94133e-310 
1.10859e-314 6.95298e-310 1.73217e-316 6.94133e-310 0 0 6.94133e-310 6.94133e-310 6.95298e-310 6.95298e-310 6.78906e-315 
6.94126e-310 3.45846e-323 6.94133e-310 6.36599e-314 3.27605e-319 0 3.27605e-319 1.10859e-314 6.95298e-310 6.94133e-310 6.94133e-310 
6.95298e-310 6.95298e-310 6.94133e-310 2.96439e-323 6.94133e-310 4.94066e-324 0 4.94066e-324 6.94133e-310 6.94133e-310 6.94133e-310 
2.122e-314 6.94133e-310 0 0 0 6.94126e-310 2.122e-314 2.122e-314 6.94133e-310 6.94133e-310 4.94066e-324 
2.122e-314 6.95298e-310 0 4.94066e-324 2.122e-314 6.94133e-310 6.94133e-310 6.94133e-310 6.94133e-310 2.05978e-314 6.94133e-310 
6.94133e-310 6.94133e-310 9.4663e-321 6.94133e-310 6.94133e-310 6.94133e-310 7.5376e-315 6.94133e-310 6.94133e-310 6.94133e-310 2.32952e-320 
6.94133e-310 6.94133e-310 6.95298e-310 6.95298e-310 6.94133e-310 6.94133e-310 7.5376e-315 6.95298e-310 1.17775e-316 6.94133e-310 6.94133e-310 
0 6.94133e-310 6.94133e-310 6.95298e-310 6.95298e-310 6.78757e-315 6.94126e-310 3.45846e-323 6.95298e-310 6.94133e-310 6.78757e-315 
0 6.95298e-310 6.94133e-310 6.94133e-310 6.94133e-310 1.1252e-314 6.94133e-310 6.94133e-310 6.94133e-310 1.81322e-321 6.94133e-310 
6.94133e-310 6.94133e-310 4.02248e-315 6.94133e-310 6.94133e-310 6.94133e-310 2.49651e-320 6.94133e-310 6.94133e-310 6.95298e-310 6.95298e-310 
6.94133e-310 6.94133e-310 4.02248e-315 6.95298e-310 6.28513e-317 6.94133e-310 6.95298e-310 6.95293e-310 6.94133e-310 6.94133e-310 6.95298e-310 
6.95298e-310 6.94133e-310 6.94133e-310 6.94133e-310 1.56506e-317 6.94133e-310 6.94133e-310 6.94133e-310 1.82804e-322 6.94133e-310 6.94133e-310 
6.95298e-310 6.95298e-310 6.95298e-310 6.94133e-310 1.56506e-317 6.95298e-310 2.44538e-319 6.94133e-310 0 0 6.94133e-310 
6.94133e-310 6.95298e-310 6.95298e-310 6.80271e-315 4.94066e-324 3.45846e-323 0 6.94126e-310 2.122e-314 0 6.94133e-310 
1.56506e-317 6.95298e-310 6.94133e-310 6.94133e-310 6.95298e-310 6.95298e-310 6.94133e-310 2.96439e-323 6.94133e-310 4.94066e-324 0 
4.94066e-324 6.94133e-310 6.94133e-310 6.94133e-310 2.122e-314 6.94133e-310 0 6.94126e-310 6.94126e-310 6.95293e-310 2.122e-314 
6.94133e-310 6.94133e-310 6.94133e-310 4.94066e-324 6.94133e-310 8.89318e-323 6.94133e-310 6.94133e-310 9.98013e-322 1.07558e-320 6.42285e-323 
6.94133e-310 6.94133e-310 4.66426e-310 4.66426e-310 6.94133e-310 6.94133e-310 4.94066e-324 0 6.94133e-310 6.94133e-310 0 
6.95298e-310 4.94066e-324 6.95298e-310 4.66426e-310 6.94133e-310 0 4.66426e-310 2.37152e-321 6.94133e-310 6.94133e-310 6.94133e-310 
1.07558e-320 6.94133e-310 6.94133e-310 6.94133e-310 6.94133e-310 1.39065e-309 6.94133e-310 6.94133e-310 6.94133e-310 6.94133e-310 6.94133e-310 
0 6.94133e-310 6.94133e-310 0 0 0 0 0 0 0 0 
4.66426e-310 4.66426e-310 4.66426e-310 0 4.66426e-310 4.66426e-310 6.94133e-310 6.94133e-310 6.94133e-310 6.94133e-310 6.94133e-310 
6.94133e-310 6.94133e-310 0 6.94133e-310 6.94133e-310 0 0 0 0 0 0 
0 0 0 0 0 0 0 0 0 0 0 
0 0 0 1.98989e-314 0 1.5316e-322 0 0 0 0 0 
8.00386e-322 -1.13635e-321 0 0 0 0 0 0 1.98989e-314 0 1.5316e-322 
0 0 0 0 0 1.98989e-314 0 1.5316e-322 0 0 0 
0 0 1.98989e-314 0 1.5316e-322 0 0 0 0 0 5.305e-315 
0 0 0 0 0 0 0 1.98989e-314 0 1.5316e-322 0 
0 0 0 0 0 0 0 0 0 0 0 
0 2.0547e-81 2.0547e-81 2.0547e-81 2.0547e-81 0 0 0 0 5.91283e+25 3.20606e-80 
1.39002e+93 9.32935e+68 0 0 0 0 0 0 0 0 0 
0 0 0 0 0 0 0 0 0 0 0 
0 0 0 0 0 0 0 0 2.0547e-81 2.0547e-81 2.0547e-81 
2.0547e-81 0 0 0 0 5.91283e+25 3.20606e-80 1.39002e+93 9.32935e+68 0 0 
0 0 0 0 0 0 0 0 0 0 2.0547e-81 
2.0547e-81 2.0547e-81 2.0547e-81 0 0 0 0 5.91283e+25 3.20606e-80 1.39002e+93 9.32935e+68 
0 0 0 0 0 0 0 0 0 0 0 
0 0 0 0 0 0 0 0 0 0 0 
0 0 0 0 0 0 0 0 0 0 0 
0 0 0 0 0 0 0 0 0 0 0 
0 0 0 0 0 0 0 0 0 0 0 
0 0 0 0 0 0 0 0 0 0 0 
0 0 0 0 0 0 0 0 0 0 0 
0 0 0 0 0 0 0 0 0 0 0 
