100 20 5 40 1000 0.000148722 1.03893 2.9106 297 282 281 
100 20 5 40 1000 4.6116e-05 1.05694 3.22832 287 297 248 
100 20 5 40 1000 4.6699e-05 1.05029 3.18451 290 269 250 
100 20 5 40 1000 4.6301e-05 1.00342 3.16242 278 248 254 
100 20 5 40 1000 4.5928e-05 1.11755 3.16078 298 271 271 
100 20 5 40 1000 4.8331e-05 1.13108 3.16311 296 260 263 
100 20 5 40 1000 4.7869e-05 1.08666 3.16126 294 307 272 
100 20 5 40 1000 4.4712e-05 1.072 2.93601 299 268 266 
100 20 5 40 1000 5.9827e-05 1.03054 3.33398 288 263 259 
100 20 5 40 1000 4.8887e-05 1.0728 3.50699 292 259 247
100 20 5 40 1100 0.000144789 1.14835 3.70961 307 321 267 
100 20 5 40 1100 5.301e-05 1.21639 3.75269 308 337 280 
100 20 5 40 1100 5.1971e-05 1.17424 3.82964 273 283 246 
100 20 5 40 1100 6.1421e-05 1.30602 3.78383 304 284 287 
100 20 5 40 1100 5.1802e-05 1.19352 3.61956 297 258 262 
100 20 5 40 1100 5.0493e-05 1.14113 3.48846 305 286 273 
100 20 5 40 1100 5.1397e-05 1.22522 3.83806 299 309 253 
100 20 5 40 1100 5.2602e-05 1.21001 3.69184 313 324 271 
100 20 5 40 1100 5.0168e-05 1.13091 3.64221 296 296 277 
100 20 5 40 1100 5.2739e-05 1.20084 3.60617 262 230 231
100 20 5 40 1200 0.000134003 1.33729 3.75639 287 254 240 
100 20 5 40 1200 4.7259e-05 1.41987 3.90456 316 264 264 
100 20 5 40 1200 4.711e-05 1.2819 3.73871 287 272 269 
100 20 5 40 1200 4.8965e-05 1.38967 3.94017 335 292 289 
100 20 5 40 1200 4.9837e-05 1.3222 3.48592 299 273 260 
100 20 5 40 1200 4.6213e-05 1.48532 3.63576 288 302 261 
100 20 5 40 1200 4.6195e-05 1.27045 3.67325 260 231 233 
100 20 5 40 1200 4.5245e-05 1.40887 3.57685 323 368 285 
100 20 5 40 1200 4.5566e-05 1.3574 3.83347 346 365 304 
100 20 5 40 1200 4.4693e-05 1.36116 3.87696 310 319 262 
100 20 5 40 1300 0.000158111 1.31204 4.19978 293 281 268 
100 20 5 40 1300 4.8138e-05 1.44066 4.31236 325 290 283 
100 20 5 40 1300 5.1418e-05 1.61667 4.36708 318 331 276 
100 20 5 40 1300 6.0698e-05 1.30482 4.35229 302 244 246 
100 20 5 40 1300 4.9813e-05 1.37105 4.02779 284 269 269 
100 20 5 40 1300 4.7918e-05 1.29551 4.06894 297 308 264 
100 20 5 40 1300 4.6181e-05 1.2851 3.79023 311 326 263 
100 20 5 40 1300 4.5283e-05 1.3396 4.01717 301 276 275 
100 20 5 40 1300 4.786e-05 1.53325 4.0468 342 330 313 
100 20 5 40 1300 5.0735e-05 1.43821 4.22777 298 325 283 
100 20 5 40 1400 0.000152858 1.63787 4.55801 322 348 261 
100 20 5 40 1400 4.9342e-05 1.37525 4.97816 292 273 266 
100 20 5 40 1400 4.9819e-05 1.5292 4.35262 326 292 300 
100 20 5 40 1400 4.7648e-05 1.56249 4.78178 287 251 246 
100 20 5 40 1400 4.7828e-05 1.58821 4.34229 314 332 280 
100 20 5 40 1400 4.6794e-05 1.61456 4.31243 295 305 252 
100 20 5 40 1400 6.6855e-05 1.60277 4.43171 305 281 271 
100 20 5 40 1400 4.6072e-05 1.64623 4.33038 305 325 284 
100 20 5 40 1400 4.5701e-05 1.52358 4.31557 308 277 277 
100 20 5 40 1400 4.9046e-05 1.54099 4.89873 291 304 262 
100 20 5 40 1500 0.000233001 1.57668 4.7871 290 267 262 
100 20 5 40 1500 4.7704e-05 1.66887 4.44728 302 260 256 
100 20 5 40 1500 4.6032e-05 1.67805 5.02437 331 289 300 
100 20 5 40 1500 4.6787e-05 1.69634 4.54961 284 271 244 
100 20 5 40 1500 4.887e-05 1.72295 4.53432 318 283 273 
100 20 5 40 1500 4.69e-05 1.79276 4.58932 306 318 270 
100 20 5 40 1500 4.6698e-05 1.7568 4.73337 349 336 314 
100 20 5 40 1500 5.3778e-05 1.47821 4.56919 275 280 274 
100 20 5 40 1500 4.601e-05 1.64793 4.861 305 303 273 
100 20 5 40 1500 4.6608e-05 1.6195 4.3912 319 311 292 
100 20 5 40 1600 0.000157794 1.75046 4.98471 314 313 280 
100 20 5 40 1600 4.6856e-05 1.79015 5.232 307 276 262 
100 20 5 40 1600 4.8001e-05 1.82426 5.30911 288 297 263 
100 20 5 40 1600 5.2179e-05 1.62142 5.50436 310 274 269 
100 20 5 40 1600 5.1301e-05 1.74141 5.5157 315 327 290 
100 20 5 40 1600 5.0536e-05 1.77342 5.74761 301 269 260 
100 20 5 40 1600 5.3247e-05 1.85777 5.78993 294 305 252 
100 20 5 40 1600 4.8173e-05 1.89123 5.06353 297 322 263 
100 20 5 40 1600 4.8524e-05 1.80839 5.16776 317 287 289 
100 20 5 40 1600 5.4596e-05 1.8559 5.05214 319 280 277 
100 20 5 40 1700 0.000157495 1.88964 5.61407 311 277 276 
100 20 5 40 1700 4.8281e-05 1.83281 5.87524 282 258 250 
100 20 5 40 1700 4.9605e-05 1.83331 5.82234 281 276 256 
100 20 5 40 1700 4.7424e-05 1.77147 5.53156 272 287 255 
100 20 5 40 1700 4.8682e-05 1.91659 5.6248 305 316 261 
100 20 5 40 1700 4.762e-05 1.96012 5.21577 291 244 243 
100 20 5 40 1700 4.7114e-05 1.95436 5.87564 294 303 278 
100 20 5 40 1700 4.9031e-05 1.74281 5.36855 301 311 273 
100 20 5 40 1700 4.7781e-05 1.75713 5.27504 292 264 270 
100 20 5 40 1700 4.5137e-05 1.785 6.04228 328 342 280 
100 20 5 40 1800 4.6637e-05 1.91344 5.98468 324 278 272 
100 20 5 40 1800 5.2442e-05 1.89961 5.51763 315 278 279 
100 20 5 40 1800 4.5138e-05 2.04106 5.67749 313 292 277 
100 20 5 40 1800 4.639e-05 1.92574 5.74528 325 340 274 
100 20 5 40 1800 4.9574e-05 1.86331 5.78821 315 338 281 
100 20 5 40 1800 4.5754e-05 1.94743 5.84208 319 347 290 
100 20 5 40 1800 4.6908e-05 2.03172 6.10007 299 266 272 
100 20 5 40 1800 4.7958e-05 2.01721 5.37192 308 265 274 
100 20 5 40 1800 4.5029e-05 1.96117 6.04343 310 340 278 
100 20 5 40 1800 4.8693e-05 1.78421 5.41197 306 284 289 
100 20 5 40 1900 0.000160346 1.98427 5.89349 292 307 268 
100 20 5 40 1900 4.7548e-05 2.00185 5.92371 294 247 244 
100 20 5 40 1900 4.9173e-05 2.23562 6.16929 315 286 271 
100 20 5 40 1900 4.5914e-05 2.23372 6.21807 308 291 274 
100 20 5 40 1900 4.8992e-05 2.05052 6.14797 275 286 251 
100 20 5 40 1900 4.6774e-05 2.24719 5.68485 314 326 315 
100 20 5 40 1900 4.9549e-05 2.00525 5.91935 318 280 291 
100 20 5 40 1900 4.7723e-05 2.20917 5.76995 293 315 268 
100 20 5 40 1900 4.783e-05 1.89253 6.29018 311 291 277 
100 20 5 40 1900 4.935e-05 2.16102 5.74571 303 317 289 
100 20 5 40 2000 0.00015571 2.08532 6.29694 295 280 272 
100 20 5 40 2000 4.7529e-05 2.27305 6.3397 299 311 271 
100 20 5 40 2000 5.144e-05 2.22004 6.59125 291 265 265 
100 20 5 40 2000 4.8513e-05 2.06344 6.70956 308 278 275 
100 20 5 40 2000 5.127e-05 2.25701 7.06713 292 251 240 
100 20 5 40 2000 5.0136e-05 2.32761 7.206 309 304 294 
100 20 5 40 2000 5.6096e-05 2.18682 6.46226 296 307 259 
100 20 5 40 2000 5.021e-05 2.10927 6.87874 307 330 287 
100 20 5 40 2000 4.8741e-05 2.002 6.99816 308 284 272 
100 20 5 40 2000 4.923e-05 2.0685 6.60162 289 271 253 
