100 20 5 40 1000 0.000282185 7.50837 11.0447 294 309 270 
100 20 5 40 1000 0.000146305 9.01986 10.7802 305 319 277 
100 20 5 40 1000 0.000148765 8.85971 13.199 300 316 261 
100 20 5 40 1000 0.000175023 10.2908 13.2257 292 305 259 
100 20 5 40 1000 0.000189642 8.73884 11.9209 274 296 244 
100 20 5 40 1000 0.000156589 9.53158 14.0289 337 351 308 
100 20 5 40 1000 0.000171548 10.5485 14.3183 297 262 255 
100 20 5 40 1000 0.000151383 10.7308 12.6 303 276 268 
100 20 5 40 1000 0.000151535 9.85064 13.9243 305 267 274 
100 20 5 40 1000 0.000283233 9.31092 14.4611 277 241 242 
100 20 5 40 1100 0.000326328 8.82767 12.4874 301 308 278 
100 20 5 40 1100 0.000160735 9.56313 13.9994 306 276 275 
100 20 5 40 1100 0.000240823 9.73113 16.182 271 280 237 
100 20 5 40 1100 0.000175863 11.4062 14.6903 298 279 267 
100 20 5 40 1100 0.0002318 11.2029 15.3795 302 251 242 
100 20 5 40 1100 0.000179291 10.0093 15.71 342 312 319 
100 20 5 40 1100 0.000231365 10.433 15.6187 291 271 258 
100 20 5 40 1100 0.000176237 11.7838 14.9479 291 277 280 
100 20 5 40 1100 0.000155951 10.1065 16.1668 296 268 283 
100 20 5 40 1100 0.000171272 11.6683 16.2949 297 324 258 
100 20 5 40 1200 0.000265493 8.78749 14.4478 320 331 276 
100 20 5 40 1200 0.000208453 11.6939 15.868 315 327 277 
100 20 5 40 1200 0.000166318 10.3824 16.4519 327 289 289 
100 20 5 40 1200 0.000170069 11.7731 16.0178 274 273 245 
100 20 5 40 1200 0.000172891 11.0056 15.3103 312 326 273 
100 20 5 40 1200 0.000232999 12.6367 17.2382 306 272 266 
100 20 5 40 1200 0.000183487 11.8648 16.4466 297 314 276 
100 20 5 40 1200 0.000168442 11.8333 18.8327 289 298 272 
100 20 5 40 1200 0.000175669 13.3387 17.5686 320 353 278 
100 20 5 40 1200 0.000320425 12.6364 16.7475 314 327 287 
100 20 5 40 1300 0.000277849 11.7115 17.6826 311 293 273 
100 20 5 40 1300 0.000150919 12.2163 17.7685 310 320 262 
100 20 5 40 1300 0.000186875 13.1507 16.6646 304 304 272 
100 20 5 40 1300 0.000148575 13.0672 17.3144 298 279 254 
100 20 5 40 1300 0.000239743 12.6041 18.7334 281 268 237 
100 20 5 40 1300 0.000182902 13.9622 18.0504 304 271 263 
100 20 5 40 1300 0.000260137 12.8482 18.9547 309 318 274 
100 20 5 40 1300 0.000183307 13.8421 18.7253 289 304 282 
100 20 5 40 1300 0.000252526 13.7753 16.255 284 259 253 
100 20 5 40 1300 0.000168849 12.7591 16.5819 297 295 271 
100 20 5 40 1400 0.000201148 14.1801 17.8622 316 276 281 
100 20 5 40 1400 0.000175746 14.8527 18.7687 263 265 245 
100 20 5 40 1400 0.000230235 14.9972 22.2575 292 307 259 
100 20 5 40 1400 0.000234711 12.8052 19.493 313 278 274 
100 20 5 40 1400 0.000181749 15.6258 19.8922 308 322 277 
100 20 5 40 1400 0.000517994 14.117 19.8123 293 305 273 
100 20 5 40 1400 0.00017473 14.6099 20.0954 313 323 281 
100 20 5 40 1400 0.000300842 14.1785 20.6069 299 276 275 
100 20 5 40 1400 0.000203036 15.1577 19.4284 329 294 305 
100 20 5 40 1400 0.0001748 13.5313 20.8358 278 238 240 
100 20 5 40 1500 0.000251078 13.8342 22.8712 320 330 284 
100 20 5 40 1500 0.000149269 15.4491 23.6956 302 283 262 
100 20 5 40 1500 0.000194104 14.6071 20.695 308 269 279 
100 20 5 40 1500 0.000149518 16.0724 19.8529 307 284 277 
100 20 5 40 1500 0.000156045 14.3323 21.6887 307 272 272 
100 20 5 40 1500 0.000297421 15.3965 20.0854 287 267 259 
100 20 5 40 1500 0.000164057 15.1533 19.9249 289 311 252 
100 20 5 40 1500 0.000209562 15.0593 20.5861 298 271 263 
100 20 5 40 1500 0.000147332 14.7598 21.1113 321 316 295 
100 20 5 40 1500 0.000239998 15.4359 19.469 287 269 259
100 20 5 40 1600 0.00030785 9.62778 16.1572 302 275 263 
100 20 5 40 1600 0.000166738 11.2879 16.9018 316 276 267 
100 20 5 40 1600 0.000154284 14.788 17.5607 311 330 284 
100 20 5 40 1600 0.000164335 12.4588 18.9222 280 244 235 
100 20 5 40 1600 0.000153847 13.261 19.3206 277 287 245 
100 20 5 40 1600 0.00019485 16.2472 20.488 306 274 268 
100 20 5 40 1600 0.000153918 12.6108 22.4677 291 264 257 
100 20 5 40 1600 0.000188931 14.1173 21.0219 293 344 270 
100 20 5 40 1600 0.000431521 14.2556 20.2607 290 304 254 
100 20 5 40 1600 0.000205006 15.3177 21.4303 300 325 26
100 20 5 40 1700 0.000231852 9.90704 16.7403 294 277 271 
100 20 5 40 1700 0.000196708 11.8848 17.6909 290 303 264 
100 20 5 40 1700 0.000153017 15.1707 17.3096 332 296 306 
100 20 5 40 1700 0.000148648 13.8131 20.114 309 285 274 
100 20 5 40 1700 0.000150842 14.9276 20.7271 290 275 288 
100 20 5 40 1700 0.000155846 18.6242 22.6416 267 275 238 
100 20 5 40 1700 0.000158085 14.4111 21.6153 321 342 294 
100 20 5 40 1700 0.000156007 14.4832 19.4557 319 346 268 
100 20 5 40 1700 0.00023017 16.6551 19.0334 302 262 262 
100 20 5 40 1700 0.000196119 15.9787 22.4017 278 293 241
100 20 5 40 1800 0.000294504 10.2033 18.7218 313 296 283 
100 20 5 40 1800 0.000144846 12.7572 18.9413 296 310 263 
100 20 5 40 1800 0.000154881 13.7371 19.2475 286 258 264 
100 20 5 40 1800 0.000201526 14.2289 22.2012 314 285 290 
100 20 5 40 1800 0.000143772 14.8005 20.2091 293 250 251 
100 20 5 40 1800 0.000200425 18.6566 23.1521 302 271 272 
100 20 5 40 1800 0.000163436 16.0664 23.6041 318 297 290 
100 20 5 40 1800 0.000166817 15.6468 24.2242 310 280 279 
100 20 5 40 1800 0.000154168 15.2788 22.6452 296 319 282 
100 20 5 40 1800 0.000998401 16.4238 22.3836 279 258 251 
100 20 5 40 1900 0.00030448 11.8156 20.515 308 324 272 
100 20 5 40 1900 0.000190622 14.5065 18.884 280 261 257 
100 20 5 40 1900 0.000151184 16.7906 21.212 317 274 277 
100 20 5 40 1900 0.000159808 14.7319 22.686 271 235 236 
100 20 5 40 1900 0.000147514 17.1919 24.494 321 292 285 
100 20 5 40 1900 0.000198487 19.3509 24.385 271 282 220 
100 20 5 40 1900 0.000334515 15.5314 24.0118 291 280 263 
100 20 5 40 1900 0.000162855 17.5787 21.1324 315 281 273 
100 20 5 40 1900 0.000161488 17.8464 24.8686 299 315 277 
100 20 5 40 1900 0.000170327 18.1877 26.0604 321 297 275 
100 20 5 40 2000 0.000299546 13.4334 20.5529 307 307 271 
100 20 5 40 2000 0.000153202 14.6344 21.8032 308 319 259 
100 20 5 40 2000 0.000204657 16.3864 22.1645 289 278 272 
100 20 5 40 2000 0.000152743 19.1249 22.8415 255 255 227 
100 20 5 40 2000 0.000182842 22.2831 25.9648 303 282 281 
100 20 5 40 2000 0.000218354 18.5424 25.586 295 305 261 
100 20 5 40 2000 0.000347752 16.5297 24.2099 281 292 263 
100 20 5 40 2000 0.000154957 18.8062 25.6119 295 267 260 
100 20 5 40 2000 0.000162562 19.3715 28.8989 317 331 288 
100 20 5 40 2000 0.000191901 19.2769 23.2835 330 355 290 