20 0.000372748 0.05999 
20 8.0736e-05 0.000118912 
20 8.1704e-05 0.000106848 
20 8.0351e-05 0.000105528 
20 6.8229e-05 0.000103338 
20 8.0805e-05 9.8127e-05 
20 7.6144e-05 9.9209e-05 
20 8.3281e-05 0.000102374 
20 8.6859e-05 0.000100613 
20 8.5974e-05 0.000115333 
120 0.0194949 0.000745923 
120 0.0171334 0.000607291 
120 0.0174593 0.000693754 
120 0.017559 0.000708662 
120 0.0170641 0.000737205 
120 0.0210022 0.00104355 
120 0.0233951 0.0011583 
120 0.0172233 0.000682221 
120 0.0173228 0.000650357 
120 0.017721 0.000654101 
220 0.102645 0.00174625 
220 0.099974 0.00157416 
220 0.104044 0.00160005 
220 0.100767 0.00167551 
220 0.102246 0.00153793 
220 0.106736 0.0016368 
220 0.100517 0.0015138 
220 0.0977384 0.00152134 
220 0.101632 0.00161223 
220 0.101994 0.00157784 
320 0.323248 0.00330169 
320 0.314353 0.00301819 
320 0.322019 0.00312685 
320 0.311619 0.0030191 
320 0.315238 0.00303234 
320 0.317318 0.00295603 
320 0.32228 0.00307361 
320 0.310259 0.00309017 
320 0.317773 0.00300406 
320 0.314577 0.00299449 
420 0.715785 0.00561109 
420 0.730504 0.00525297 
420 0.717752 0.00527319 
420 0.715251 0.00540636 
420 0.723505 0.0052197 
420 0.739227 0.00530391 
420 0.73149 0.00526907 
420 0.72315 0.00541393 
420 0.722009 0.00525368 
420 0.720168 0.00547483 